-8.599785519060625383e-01 2.931951078862758742e+00
5.384643944406276361e+00 -3.478470521227533752e+00
3.045230035970652338e+00 -3.929494185412773177e+00
1.073996818845710521e+00 -1.438051495263495738e+00
-1.769166604048540314e+00 -1.619662226432979857e+00
-2.218580087586838001e+00 3.702790888275896641e+00
2.390579286666060455e+00 -2.341889556314029619e+00
4.025727792998424093e+00 1.386866157644203845e+00
9.359764267833430296e-01 -7.450778712431942452e-01
-7.126292259142630314e-01 -1.478384265833926570e+00
5.304207561393495141e+00 1.082327100256811114e+00
6.724076058563490221e+00 -3.190939174019205460e+00
7.113243138694176793e+00 -1.816741779392167189e+00
7.672457124254558281e+00 -3.933718990630512558e+00
3.279067992844233004e+00 3.385380310360921463e+00
3.362137051593800940e+00 -3.378264481694725596e+00
3.329073142554499931e+00 -2.321384110155374714e+00
4.212095256103584262e+00 8.378647818396025571e-01
3.360333661078609424e-01 1.221676669165553619e+00
3.368405603942029813e+00 -1.093312652122624407e+00
-1.208975788999372636e+00 2.168293557231156576e+00
1.406145995039551622e+00 -1.671498054740394146e+00
7.644301947840119738e+00 -1.337267387181990230e+00
6.198017005799316692e+00 3.640231221431691644e+00
-1.534990629100296822e+00 -2.358585201126248698e+00
2.516035081070455703e-02 3.043647443832400157e-01
-2.014782024246615677e+00 1.584839222326481334e+00
4.795542643818318851e+00 -3.532373454873446228e+00
6.537379941736473299e+00 2.787987936196855365e+00
7.707957704544099897e+00 3.486547760141057495e+00
1.248080104084232644e-01 -1.339346374796768657e+00
-3.265559680944677190e+00 2.789210001875988887e+00
5.455025064161418413e+00 -2.213647036782102617e-01
1.273900668450687945e+00 -3.338620108572190048e-01
1.851500248008832727e+00 2.588055216690136717e+00
7.984365189023549192e+00 5.841110576284940237e-01
6.638144202591769627e+00 1.103010027029769802e+00
-1.264919989393100241e+00 -1.288020147340495747e+00
-3.180080272694813637e+00 -1.614010026232808315e-01
1.088364427804835444e+00 -3.279186732588186715e+00
6.903832485554953990e+00 3.445117937149728249e+00
-3.319795679448005465e+00 1.020449841464902363e+00
7.490116960936935797e+00 -1.493865780567332990e+00
-7.125580496553629573e-02 3.418876610503219560e+00
-3.516555779161090634e+00 -1.104208424544071754e+00
5.935784616793524648e+00 9.976980429791355576e-01
5.247215331508037650e+00 -2.426573174247071307e+00
4.578087752256452703e+00 5.538476098978417639e-01
1.739072403550780521e+00 -1.112942838718325334e+00
7.469068357554071724e+00 -2.864835870994300038e+00
7.487334176952334275e+00 3.405924569691308967e+00
5.706430260775148255e+00 -2.223080143468039616e+00
4.225167579556936559e+00 9.961275035690366764e-01
-2.568041145428478167e+00 4.162104974260074641e-01
-3.327127652098180732e+00 3.149838588710176523e+00
2.228138766458652498e+00 2.711222436276169212e+00
1.160128990617010913e+00 -1.512037375026880071e-01
2.264332058626329136e+00 2.329452850040564904e+00
4.809840775358841469e+00 3.423349451679703392e+00
1.564589609296450412e+00 -1.112044489439091066e+00
-3.068178195226105576e+00 -3.602455371500300707e+00
5.951939385750488754e-01 2.571931031498601250e+00
1.723049471865735427e+00 3.679207771398438354e-01
4.511716626031578414e+00 -1.040253234246566905e+00
1.076635886298941358e+00 1.936385987979175383e+00
2.802076650646327494e+00 -3.487068599302231675e+00
-9.369548858051377493e-01 -1.569328967583351719e+00
1.192802285818070018e+00 3.693926724954099683e-01
-1.217374748466069523e+00 1.385028485478458471e+00
4.820636047065224972e+00 1.571714831042918092e+00
5.168276766123907962e+00 -1.299561568697082947e+00
6.020730535759733826e+00 1.554789688696974537e+00
8.286340836877936766e-01 -2.512975686256777585e+00
-2.911022311225688330e+00 -2.969737583766097977e+00
2.237884621709708810e+00 -2.552065630545623520e+00
2.169371244530752918e+00 -3.702487513531699470e+00
1.839759784410421872e-02 -3.615215065423874385e+00
7.519239102290974586e+00 3.743582225259708629e+00
5.432583402043281495e+00 -2.630300682093384523e+00
-3.851251094919834195e+00 -2.799641394697211183e+00
2.080211091405175239e-01 5.827478175097438040e-01
7.997198027980978452e-01 4.779530179716546812e-01
-3.892824585662824077e-01 -1.339632390985364019e+00
3.295546948642145146e+00 -2.753601945871407608e+00
3.369469153922986848e+00 -3.049816273951293510e+00
6.987571937803194189e+00 -2.526013118436582161e+00
5.171264060661243889e+00 -3.500675732092088488e+00
1.034541452846534426e+00 -3.404133606238501919e+00
6.373342168896565241e-01 -1.676060650913052896e+00
-1.862461742593348291e+00 2.547365898764573977e+00
-1.050049896218729906e-01 -8.198491567552270709e-01
3.393713595637226632e-01 2.910392664127901874e+00
4.421605901755569334e+00 3.945811132090965678e+00
3.532957210681187732e+00 2.268084276152793066e-01
-3.056984638880383631e+00 -1.681258184417831814e+00
4.913541470496880947e+00 -3.329733180282842042e+00
3.690842792105204495e+00 -4.825149440957776648e-02
4.187208365518902298e+00 -2.285224726076085844e+00
-3.900090497696888647e+00 -2.790858071661725504e+00
1.304816824636993999e+00 -6.047909551511585491e-01
3.469284885892326642e+00 3.673550483381795573e-01
-1.430836450011033989e+00 2.152252463005140726e+00
2.471256062304245660e+00 2.744353198644413183e+00
-3.229717054068790727e+00 1.293605724689932401e-01
-1.559217385403071532e+00 -3.598964672721464808e+00
1.488425729040213419e+00 -3.341612647805246361e+00
1.230508142921015846e+00 -3.528858875969342002e+00
6.771518294432876672e-01 -1.158932369863078016e+00
-3.477038972164026909e+00 1.688525216566833187e+00
5.730387542672515266e+00 -1.713434731769178043e+00
5.384469691262591340e+00 -1.961364468565267138e+00
-3.779773328276145428e+00 8.220627953248635933e-01
-1.515883641794965264e+00 -1.835329658495813199e+00
-3.635173190746320504e+00 -8.255195948964146879e-01
-3.648660600227065842e+00 -3.851947949466542731e+00
1.926136400644127278e+00 1.404719471245756246e+00
1.042661726193102822e+00 1.299764011688746557e+00
-2.834729140416767379e+00 3.532436571036545736e+00
-1.387044039951574881e-01 2.551529664040999457e+00
-5.376344008494386983e-01 3.969333779201072332e+00
-3.028680767243459027e+00 -2.755070708513506439e+00
-1.326476332288115678e+00 2.005089542948021553e+00
1.700035161598947298e+00 -6.534056188947614530e-01
2.092482770927174052e+00 3.290917607161081726e+00
7.541504468109774706e+00 3.649516806852044049e+00
-2.533717923144869211e+00 1.397488005338497707e+00
1.376652750549929749e+00 -2.983263336163131108e+00
1.895159638423784543e+00 -1.312476228889337904e+00
3.733365782738191641e+00 2.089488581693666802e+00
2.423522033539492249e+00 1.159254740946730422e+00
3.323575923436338897e+00 -3.801221106432290497e+00
6.576375566729655731e+00 -2.156662995723316989e+00
6.772340801930228693e+00 -3.628987585211344680e+00
9.990481006069789061e-01 1.469695172926735793e+00
7.986680764070243299e+00 -3.937873603920293952e+00
1.421457410923016695e+00 -3.436726265691404159e+00
3.346503396029152810e+00 -5.593744672509766147e-01
7.307294074947847662e+00 -1.673884405873118375e+00
-1.855890232364322046e+00 3.283565311354742278e+00
1.791185365149270403e+00 -8.508803026247466761e-01
-2.337196507534936796e+00 1.923465716546122195e-01
-2.577340817039680321e+00 7.143662982225729152e-01
-3.581176234958194371e-01 -1.914507760890741928e+00
-1.492553214380163418e-01 -3.967188436713856348e+00
-1.124415322046012911e-01 2.308503754519549922e+00
-3.265959878815202444e+00 8.682206751767713726e-01
-3.574667107424089885e+00 1.595911188117961288e+00
1.934659180930045075e+00 -1.848545366817969438e+00
3.362790727598376606e+00 -2.855464152904406028e+00
6.508180113826647073e+00 3.777631151745916682e+00
7.500487576840017212e+00 -6.965385765103615512e-01
7.115860069260437015e+00 3.730597009234354999e+00
3.253988724100597807e+00 -2.532535185034108238e+00
1.793513023687170360e+00 -3.997236304604480317e+00
-2.911128319298426970e+00 -7.294230501567975367e-01
1.876079538322695583e+00 1.483906291343770611e+00
1.661160385096381198e+00 -3.180886024388427380e+00
3.433092429441870763e+00 -2.632111162002964022e+00
3.041863080853708823e+00 -1.588345964785249365e-01
4.651688847867184506e+00 -2.324452808211481702e+00
2.142751769486391566e+00 2.190403140842993146e+00
1.640382720785170889e+00 -3.197654889634453212e+00
-2.055846214971456032e+00 1.130826013125032503e-01
1.593111605985569668e+00 2.219321805467934894e+00
6.300769092899843216e+00 -1.286267518896647921e+00
1.076728255679096691e+00 -3.734289307305222572e+00
5.141815465093918291e+00 -2.929275098646459519e+00
7.978645508308938261e+00 -9.647940326192587790e-01
2.568972147878460177e+00 -6.508727039715633822e-02
4.832958425070772890e+00 -2.199268321322502828e-01
1.882563459157472252e+00 6.547477694652563684e-01
7.853253176173375039e+00 -1.187359748507926582e+00
5.917611870104430238e+00 -9.762836437961164293e-01
7.875161412224475299e+00 3.116470332124250397e+00
-4.771868005858945772e-01 -2.188840091490334316e+00
2.709742851434637778e+00 3.927808191785565839e+00
-9.570033121924597097e-01 -1.595575607017642561e+00
1.474143009133893401e+00 3.879078724998112015e+00
-3.325413564248117737e+00 3.051530509741445130e+00
2.473578260208022073e+00 3.976780122262585593e+00
1.936065067666040918e+00 -3.386455149441514045e+00
-2.098348512193433990e+00 1.230040393367747065e+00
-1.302490389615577726e+00 -1.666067825139757375e+00
-3.587862219657447671e+00 2.857698927568000258e+00
5.321234898459117346e-01 6.286028270627310732e-01
5.762239021900441571e-01 -1.928077715315350105e+00
-2.778836145500230170e+00 -3.345417607479478583e+00
6.751925607991324796e+00 2.044541409544840427e+00
3.469075016504754139e+00 -3.456140294832815485e+00
5.309721265521398337e+00 -3.327875293755138131e+00
6.173804447174642718e+00 -2.293065427446014937e+00
-3.827661323917024738e+00 2.638893202880714384e+00
-3.859918950340022636e+00 -3.881547149302820188e+00
-3.189126577440974053e+00 3.681341633847321049e+00
6.545521971099702796e+00 2.401008274904539164e-01
3.559912632055498349e+00 -1.019857792401717589e+00
3.706595550206802869e+00 -7.457413673440287383e-01
1.642954069151224772e+00 8.667369369911135379e-01
6.603089387367349516e+00 -2.894347196329009719e+00
5.453176694894494858e-01 -3.104208791634812670e+00
2.440621562310262505e+00 -1.505687554234818037e-01
2.376447104221489859e+00 3.361833322850141137e+00
5.362872474014764634e+00 -1.350768444231154497e+00
5.763942237772488042e-01 -3.198202429685272463e+00
-2.146277330989958543e-01 -5.663281685398624532e-01
-1.563794343543862375e+00 -3.793045852976039356e+00
1.956678835708180131e+00 1.052050300123487325e+00
-6.374669914456068121e-01 -1.227544535062668807e+00
1.830695458828336619e+00 1.370807278824969444e+00
-2.502142678747343307e+00 -6.511124720628584939e-01
4.723674954959930616e+00 3.395801091627464352e+00
3.459288098797323130e+00 1.385853677884085755e-02
-7.802458870458806039e-01 -1.933058203012246956e+00
4.147813153549119392e+00 1.507523506076002384e+00
7.513245319509531228e+00 1.557858781348573807e+00
-2.146663910821156929e+00 -3.978615400983085415e+00
-2.952954049406334658e+00 3.969014575816123269e+00
2.734167576877712058e+00 3.274769455042031652e+00
3.665303555447627204e+00 -1.826503093353166740e+00
3.400249073419750800e+00 4.485720620379298751e-01
3.474998317222093291e+00 1.542793477799577317e+00
7.960964871928986497e+00 -3.220056382456410127e+00
3.785978836185002194e-01 2.672097501672110020e+00
-3.635351723075225028e+00 -7.613535371321775713e-01
2.266623030517653348e+00 2.338957607869770250e+00
-1.296734537330203718e+00 1.863172381613895645e+00
2.945317628619436690e+00 2.841342940447105114e+00
6.834234096277508996e+00 1.748179285775779412e+00
-4.305137209868767911e-01 3.768758398154841593e+00
5.954267698451262802e+00 -1.581025093756181832e+00
-1.102302191902259754e+00 2.867503449711898966e+00
4.851123145622651123e+00 -3.106846085612887443e+00
6.925930585770956327e-02 3.722876332177061265e+00
-3.158793265215088297e+00 -2.556401061559728127e+00
-3.748861756721395100e+00 3.923715406564657115e+00
-1.352568272456977638e+00 4.661668686464572886e-01
6.775126708022479960e+00 2.118434631613737018e+00
-2.737357296734476808e+00 2.075931824734868592e+00
7.658303047941020125e+00 1.545209614911353668e-01
2.908539633726855200e+00 -8.040846620491306496e-01
7.349598410684373917e+00 -3.888866612714013904e+00
5.912501926869117241e+00 5.086741785690609419e-01
-9.635748946425763961e-01 -3.551196642866609743e+00
4.474149556854014165e+00 -3.140301438509780496e+00
-3.187765067316914003e+00 -3.208896975976894161e+00
-2.758008608586609789e+00 -3.512322687487888118e+00
-2.386991644776121024e+00 2.891951313485030539e-02
-2.132140551101917580e-01 -1.687121284910623409e+00
-2.128543483584389495e+00 3.328101428905257286e+00
-3.197513343473016967e+00 2.486950751496108225e+00
